# expected_substring	features
mismatched types	floats,typed,compile_error
