R 0 0 0
R 1 8 2
R 2 8 2
R 3 8 4
R 5 8 6
R 6 8 6
R 7 8 8
R 8 8 8
R 9 16 12
R 15 16 16
R 16 16 16
R 17 24 20
R 24 24 24
R 25 32 28
R 31 32 32
R 32 32 32
R 33 48 36
R 45 48 48
R 47 48 48
R 48 48 48
R 49 64 52
R 63 64 64
R 64 64 64
R 65 80 72
R 100 112 104
R 112 112 112
R 113 128 120
R 1016 1024 1024
R 1017 1024 1024
R 1024 1024 1024
R 1025 1152 1216
R 32760 32768 32768
R 32761 32768 32768
R 32768 32768 32768
R 32769 40960 34816
R 40000 40960 40960
R 100000 106496 100352
R 65536 65536 65536
R 65537 73728 67584
